proj:       3
zone:       0
north:      33:50:55.694113S
south:      34:14:44.72518S
east:       20:43:39.30134E
west:       20:06:12.628786E
cols:       9
rows:       6
e-w resol:  0:04:09.630284
n-s resol:  0:03:58.171845
format:     0
compressed: 1
